1.850000000000000000e+03 -1.197647058823530508e-01
1.851000000000000000e+03 4.523529411764692920e-02
1.852000000000000000e+03 3.923529411764697938e-02
1.853000000000000000e+03 -1.076470588235306503e-02
1.854000000000000000e+03 5.223529411764693542e-02
1.855000000000000000e+03 9.323529411764694408e-02
1.856000000000000000e+03 -1.117647058823530437e-01
1.857000000000000000e+03 -2.147647058823530797e-01
1.858000000000000000e+03 -7.176470588235306369e-02
1.859000000000000000e+03 -1.076470588235306503e-02
1.860000000000000000e+03 -7.876470588235306991e-02
1.861000000000000000e+03 -1.397647058823530686e-01
1.862000000000000000e+03 -2.397647058823529909e-01
1.863000000000000000e+03 -7.647058823530561433e-04
1.864000000000000000e+03 -6.876470588235306103e-02
1.865000000000000000e+03 3.223529411764697317e-02
1.866000000000000000e+03 8.523529411764696473e-02
1.867000000000000000e+03 1.092352941176469583e-01
1.868000000000000000e+03 1.222352941176469421e-01
1.869000000000000000e+03 1.152352941176469636e-01
1.870000000000000000e+03 3.623529411764697672e-02
1.871000000000000000e+03 2.523529411764696695e-02
1.872000000000000000e+03 3.823529411764697850e-02
1.873000000000000000e+03 7.823529411764695851e-02
1.874000000000000000e+03 -7.647058823530561433e-04
1.875000000000000000e+03 -5.176470588235304593e-02
1.876000000000000000e+03 -7.176470588235306369e-02
1.877000000000000000e+03 3.172352941176469487e-01
1.878000000000000000e+03 4.052352941176469714e-01
1.879000000000000000e+03 9.223529411764694319e-02
1.880000000000000000e+03 2.123529411764696340e-02
1.881000000000000000e+03 1.112352941176469601e-01
1.882000000000000000e+03 5.423529411764693720e-02
1.883000000000000000e+03 -1.476470588235306858e-02
1.884000000000000000e+03 -1.727647058823530424e-01
1.885000000000000000e+03 -1.547647058823530264e-01
1.886000000000000000e+03 -1.737647058823530433e-01
1.887000000000000000e+03 -1.977647058823530646e-01
1.888000000000000000e+03 -7.647058823530561433e-04
1.889000000000000000e+03 1.232352941176469430e-01
1.890000000000000000e+03 -1.657647058823530362e-01
1.891000000000000000e+03 -5.376470588235304771e-02
1.892000000000000000e+03 -9.676470588235303039e-02
1.893000000000000000e+03 -6.376470588235305659e-02
1.894000000000000000e+03 -6.976470588235306192e-02
1.895000000000000000e+03 -1.176470588235306591e-02
1.896000000000000000e+03 1.162352941176469645e-01
1.897000000000000000e+03 1.122352941176469610e-01
1.898000000000000000e+03 -9.276470588235302683e-02
1.899000000000000000e+03 5.823529411764694075e-02
1.900000000000000000e+03 1.772352941176469632e-01
1.901000000000000000e+03 1.022352941176469521e-01
1.902000000000000000e+03 -3.876470588235303438e-02
1.903000000000000000e+03 -1.407647058823530695e-01
1.904000000000000000e+03 -1.737647058823530433e-01
1.905000000000000000e+03 -2.476470588235302195e-02
1.906000000000000000e+03 6.123529411764694341e-02
1.907000000000000000e+03 -1.157647058823530473e-01
1.908000000000000000e+03 -1.397647058823530686e-01
1.909000000000000000e+03 -1.967647058823530637e-01
1.910000000000000000e+03 -1.697647058823530397e-01
1.911000000000000000e+03 -1.917647058823530593e-01
1.912000000000000000e+03 -1.097647058823530419e-01
1.913000000000000000e+03 -7.576470588235306725e-02
1.914000000000000000e+03 9.723529411764694763e-02
1.915000000000000000e+03 1.602352941176469481e-01
1.916000000000000000e+03 -8.376470588235301884e-02
1.917000000000000000e+03 -1.827647058823530513e-01
1.918000000000000000e+03 -3.676470588235303261e-02
1.919000000000000000e+03 4.023529411764698027e-02
1.920000000000000000e+03 5.423529411764693720e-02
1.921000000000000000e+03 1.312352941176469501e-01
1.922000000000000000e+03 3.523529411764697583e-02
1.923000000000000000e+03 5.423529411764693720e-02
1.924000000000000000e+03 7.123529411764695229e-02
1.925000000000000000e+03 1.112352941176469601e-01
1.926000000000000000e+03 2.542352941176469483e-01
1.927000000000000000e+03 1.402352941176469581e-01
1.928000000000000000e+03 1.542352941176469427e-01
1.929000000000000000e+03 -2.276470588235302017e-02
1.930000000000000000e+03 2.032352941176469585e-01
1.931000000000000000e+03 2.542352941176469483e-01
1.932000000000000000e+03 2.142352941176469683e-01
1.933000000000000000e+03 3.023529411764697139e-02
1.934000000000000000e+03 1.722352941176469587e-01
1.935000000000000000e+03 1.372352941176469554e-01
1.936000000000000000e+03 1.892352941176469461e-01
1.937000000000000000e+03 3.502352941176469781e-01
1.938000000000000000e+03 3.512352941176469789e-01
1.939000000000000000e+03 3.212352941176469523e-01
1.940000000000000000e+03 4.192352941176469283e-01
1.941000000000000000e+03 3.942352941176469616e-01
1.942000000000000000e+03 3.542352941176469816e-01
1.943000000000000000e+03 3.892352941176469572e-01
1.944000000000000000e+03 4.922352941176469932e-01
1.945000000000000000e+03 3.542352941176469816e-01
1.946000000000000000e+03 2.872352941176469776e-01
1.947000000000000000e+03 3.742352941176469439e-01
1.948000000000000000e+03 2.742352941176469661e-01
1.949000000000000000e+03 2.402352941176469359e-01
1.950000000000000000e+03 1.622352941176469499e-01
1.951000000000000000e+03 3.382352941176469674e-01
1.952000000000000000e+03 4.012352941176469678e-01
1.953000000000000000e+03 4.672352941176469709e-01
1.954000000000000000e+03 2.682352941176469607e-01
1.955000000000000000e+03 2.162352941176469701e-01
1.956000000000000000e+03 1.462352941176469634e-01
1.957000000000000000e+03 3.952352941176469625e-01
1.958000000000000000e+03 3.952352941176469625e-01
1.959000000000000000e+03 3.692352941176469394e-01
1.960000000000000000e+03 3.232352941176469541e-01
1.961000000000000000e+03 4.002352941176469669e-01
1.962000000000000000e+03 3.572352941176469843e-01
1.963000000000000000e+03 3.982352941176469652e-01
1.964000000000000000e+03 1.242352941176469439e-01
1.965000000000000000e+03 2.232352941176469485e-01
1.966000000000000000e+03 2.912352941176469256e-01
1.967000000000000000e+03 3.302352941176469603e-01
1.968000000000000000e+03 2.732352941176469652e-01
1.969000000000000000e+03 4.112352941176469212e-01
1.970000000000000000e+03 3.412352941176469701e-01
1.971000000000000000e+03 2.242352941176469494e-01
1.972000000000000000e+03 3.172352941176469487e-01
1.973000000000000000e+03 4.172352941176469265e-01
1.974000000000000000e+03 1.992352941176469550e-01
1.975000000000000000e+03 2.532352941176469474e-01
1.976000000000000000e+03 1.472352941176469643e-01
1.977000000000000000e+03 4.442352941176469505e-01
1.978000000000000000e+03 3.212352941176469523e-01
1.979000000000000000e+03 4.082352941176469741e-01
1.980000000000000000e+03 5.272352941176470242e-01
1.981000000000000000e+03 5.742352941176469550e-01
1.982000000000000000e+03 3.562352941176469834e-01
1.983000000000000000e+03 5.462352941176469301e-01
1.984000000000000000e+03 3.812352941176469501e-01
1.985000000000000000e+03 3.672352941176469376e-01
1.986000000000000000e+03 4.162352941176469256e-01
1.987000000000000000e+03 5.552352941176469381e-01
1.988000000000000000e+03 6.032352941176469807e-01
1.989000000000000000e+03 4.802352941176469825e-01
1.990000000000000000e+03 6.702352941176469292e-01
1.991000000000000000e+03 6.532352941176469141e-01
1.992000000000000000e+03 4.702352941176469736e-01
1.993000000000000000e+03 5.052352941176470047e-01
1.994000000000000000e+03 5.542352941176469372e-01
1.995000000000000000e+03 7.012352941176469567e-01
1.996000000000000000e+03 6.002352941176469781e-01
1.997000000000000000e+03 7.412352941176469923e-01
1.998000000000000000e+03 8.922352941176469043e-01
1.999000000000000000e+03 6.572352941176469177e-01
2.000000000000000000e+03 6.772352941176469354e-01
2.001000000000000000e+03 8.142352941176469461e-01
2.002000000000000000e+03 8.912352941176469034e-01
2.003000000000000000e+03 8.762352941176470011e-01
2.004000000000000000e+03 7.802352941176469159e-01
2.005000000000000000e+03 9.582352941176469630e-01
2.006000000000000000e+03 9.032352941176469141e-01
2.007000000000000000e+03 9.112352941176469212e-01
2.008000000000000000e+03 7.712352941176470189e-01
2.009000000000000000e+03 8.842352941176470082e-01
2.010000000000000000e+03 9.542352941176469594e-01
2.011000000000000000e+03 8.312352941176469612e-01
2.012000000000000000e+03 8.622352941176469887e-01
2.013000000000000000e+03 8.812352941176470056e-01
