1.850000000000000000e+03 -5.878431372549025591e-02
1.851000000000000000e+03 1.212156862745097652e-01
1.852000000000000000e+03 9.721568627450977162e-02
1.853000000000000000e+03 2.721568627450976496e-02
1.854000000000000000e+03 1.052156862745097787e-01
1.855000000000000000e+03 1.072156862745097528e-01
1.856000000000000000e+03 -4.978431372549024791e-02
1.857000000000000000e+03 -1.267843137254902608e-01
1.858000000000000000e+03 -7.978431372549021905e-02
1.859000000000000000e+03 -2.878431372549022926e-02
1.860000000000000000e+03 -1.117843137254902475e-01
1.861000000000000000e+03 -1.477843137254902239e-01
1.862000000000000000e+03 -2.427843137254901973e-01
1.863000000000000000e+03 -5.278431372549025058e-02
1.864000000000000000e+03 -1.217843137254902564e-01
1.865000000000000000e+03 3.215686274509743647e-03
1.866000000000000000e+03 4.521568627450978095e-02
1.867000000000000000e+03 -8.784313725490211500e-03
1.868000000000000000e+03 9.421568627450976896e-02
1.869000000000000000e+03 6.621568627450974409e-02
1.870000000000000000e+03 9.215686274509748976e-03
1.871000000000000000e+03 -8.784313725490211500e-03
1.872000000000000000e+03 2.821568627450976585e-02
1.873000000000000000e+03 5.121568627450978628e-02
1.874000000000000000e+03 -6.678431372549020750e-02
1.875000000000000000e+03 -6.778431372549020839e-02
1.876000000000000000e+03 -3.478431372549023459e-02
1.877000000000000000e+03 2.842156862745097712e-01
1.878000000000000000e+03 3.692156862745097912e-01
1.879000000000000000e+03 7.721568627450975386e-02
1.880000000000000000e+03 6.621568627450974409e-02
1.881000000000000000e+03 1.112156862745097563e-01
1.882000000000000000e+03 6.321568627450974143e-02
1.883000000000000000e+03 1.821568627450975697e-02
1.884000000000000000e+03 -1.427843137254902195e-01
1.885000000000000000e+03 -1.137843137254902492e-01
1.886000000000000000e+03 -1.027843137254902395e-01
1.887000000000000000e+03 -1.417843137254902186e-01
1.888000000000000000e+03 -5.784313725490208835e-03
1.889000000000000000e+03 1.332156862745097758e-01
1.890000000000000000e+03 -1.137843137254902492e-01
1.891000000000000000e+03 -4.078431372549023992e-02
1.892000000000000000e+03 -1.287843137254902071e-01
1.893000000000000000e+03 -1.037843137254902404e-01
1.894000000000000000e+03 -7.278431372549021283e-02
1.895000000000000000e+03 -4.078431372549023992e-02
1.896000000000000000e+03 1.232156862745097670e-01
1.897000000000000000e+03 1.142156862745097590e-01
1.898000000000000000e+03 -1.057843137254902421e-01
1.899000000000000000e+03 4.821568627450978362e-02
1.900000000000000000e+03 1.572156862745097694e-01
1.901000000000000000e+03 1.032156862745097770e-01
1.902000000000000000e+03 -5.678431372549025413e-02
1.903000000000000000e+03 -1.277843137254902617e-01
1.904000000000000000e+03 -1.837843137254902559e-01
1.905000000000000000e+03 -1.978431372549022127e-02
1.906000000000000000e+03 6.721568627450974498e-02
1.907000000000000000e+03 -1.017843137254902386e-01
1.908000000000000000e+03 -1.307843137254902088e-01
1.909000000000000000e+03 -1.817843137254902541e-01
1.910000000000000000e+03 -1.647843137254902390e-01
1.911000000000000000e+03 -1.857843137254902577e-01
1.912000000000000000e+03 -1.137843137254902492e-01
1.913000000000000000e+03 -8.278431372549022171e-02
1.914000000000000000e+03 9.321568627450976807e-02
1.915000000000000000e+03 1.692156862745097523e-01
1.916000000000000000e+03 -6.378431372549026035e-02
1.917000000000000000e+03 -1.547843137254902302e-01
1.918000000000000000e+03 -2.778431372549022838e-02
1.919000000000000000e+03 3.221568627450976940e-02
1.920000000000000000e+03 7.221568627450974942e-02
1.921000000000000000e+03 1.332156862745097758e-01
1.922000000000000000e+03 4.721568627450978273e-02
1.923000000000000000e+03 7.121568627450974853e-02
1.924000000000000000e+03 7.721568627450975386e-02
1.925000000000000000e+03 1.102156862745097554e-01
1.926000000000000000e+03 2.522156862745097428e-01
1.927000000000000000e+03 1.462156862745097596e-01
1.928000000000000000e+03 1.732156862745097559e-01
1.929000000000000000e+03 -5.784313725490208835e-03
1.930000000000000000e+03 2.092156862745097601e-01
1.931000000000000000e+03 2.692156862745097579e-01
1.932000000000000000e+03 2.272156862745097761e-01
1.933000000000000000e+03 6.121568627450973965e-02
1.934000000000000000e+03 2.052156862745097565e-01
1.935000000000000000e+03 1.682156862745097792e-01
1.936000000000000000e+03 2.122156862745097627e-01
1.937000000000000000e+03 3.552156862745097787e-01
1.938000000000000000e+03 3.522156862745097761e-01
1.939000000000000000e+03 3.272156862745097539e-01
1.940000000000000000e+03 4.122156862745097738e-01
1.941000000000000000e+03 3.992156862745097623e-01
1.942000000000000000e+03 3.482156862745097725e-01
1.943000000000000000e+03 3.852156862745097499e-01
1.944000000000000000e+03 4.882156862745097303e-01
1.945000000000000000e+03 3.602156862745097832e-01
1.946000000000000000e+03 2.742156862745097623e-01
1.947000000000000000e+03 3.422156862745097672e-01
1.948000000000000000e+03 2.692156862745097579e-01
1.949000000000000000e+03 2.182156862745097681e-01
1.950000000000000000e+03 1.332156862745097758e-01
1.951000000000000000e+03 3.122156862745097405e-01
1.952000000000000000e+03 3.862156862745097508e-01
1.953000000000000000e+03 4.492156862745097512e-01
1.954000000000000000e+03 2.472156862745097661e-01
1.955000000000000000e+03 1.812156862745097630e-01
1.956000000000000000e+03 1.222156862745097661e-01
1.957000000000000000e+03 3.512156862745097752e-01
1.958000000000000000e+03 3.722156862745097383e-01
1.959000000000000000e+03 3.402156862745097654e-01
1.960000000000000000e+03 2.902156862745097765e-01
1.961000000000000000e+03 3.652156862745097876e-01
1.962000000000000000e+03 3.422156862745097672e-01
1.963000000000000000e+03 3.752156862745097410e-01
1.964000000000000000e+03 9.821568627450977251e-02
1.965000000000000000e+03 1.992156862745097790e-01
1.966000000000000000e+03 2.652156862745097543e-01
1.967000000000000000e+03 3.002156862745097854e-01
1.968000000000000000e+03 2.432156862745097625e-01
1.969000000000000000e+03 3.842156862745097490e-01
1.970000000000000000e+03 3.242156862745097512e-01
1.971000000000000000e+03 1.872156862745097683e-01
1.972000000000000000e+03 2.672156862745097561e-01
1.973000000000000000e+03 4.002156862745097632e-01
1.974000000000000000e+03 1.642156862745097756e-01
1.975000000000000000e+03 2.192156862745097690e-01
1.976000000000000000e+03 1.092156862745097545e-01
1.977000000000000000e+03 3.992156862745097623e-01
1.978000000000000000e+03 2.872156862745097738e-01
1.979000000000000000e+03 3.722156862745097383e-01
1.980000000000000000e+03 4.832156862745097259e-01
1.981000000000000000e+03 5.302156862745097676e-01
1.982000000000000000e+03 3.342156862745097601e-01
1.983000000000000000e+03 5.172156862745097561e-01
1.984000000000000000e+03 3.472156862745097716e-01
1.985000000000000000e+03 3.342156862745097601e-01
1.986000000000000000e+03 3.782156862745097436e-01
1.987000000000000000e+03 5.072156862745097472e-01
1.988000000000000000e+03 5.642156862745097978e-01
1.989000000000000000e+03 4.522156862745097539e-01
1.990000000000000000e+03 6.372156862745097516e-01
1.991000000000000000e+03 6.292156862745097445e-01
1.992000000000000000e+03 4.332156862745097925e-01
1.993000000000000000e+03 4.752156862745097743e-01
1.994000000000000000e+03 5.452156862745097810e-01
1.995000000000000000e+03 6.722156862745097827e-01
1.996000000000000000e+03 5.682156862745098014e-01
1.997000000000000000e+03 7.212156862745098262e-01
1.998000000000000000e+03 8.732156862745097392e-01
1.999000000000000000e+03 6.302156862745097454e-01
2.000000000000000000e+03 6.422156862745097561e-01
2.001000000000000000e+03 7.962156862745097818e-01
2.002000000000000000e+03 8.642156862745098422e-01
2.003000000000000000e+03 8.652156862745097321e-01
2.004000000000000000e+03 7.832156862745097703e-01
2.005000000000000000e+03 9.302156862745096788e-01
2.006000000000000000e+03 8.812156862745097463e-01
2.007000000000000000e+03 9.082156862745096593e-01
2.008000000000000000e+03 7.712156862745097596e-01
2.009000000000000000e+03 9.012156862745097641e-01
2.010000000000000000e+03 9.742156862745097179e-01
2.011000000000000000e+03 8.362156862745098174e-01
2.012000000000000000e+03 8.582156862745098369e-01
2.013000000000000000e+03 8.742156862745098511e-01
2.014000000000000000e+03 9.502156862745096966e-01
