1.850000000000000000e+03 -8.450000000000001954e-02
1.851000000000000000e+03 6.749999999999997669e-02
1.852000000000000000e+03 6.649999999999997580e-02
1.853000000000000000e+03 1.949999999999996181e-02
1.854000000000000000e+03 4.449999999999998401e-02
1.855000000000000000e+03 1.949999999999996181e-02
1.856000000000000000e+03 -6.149999999999999911e-02
1.857000000000000000e+03 -1.695000000000000395e-01
1.858000000000000000e+03 -1.755000000000000449e-01
1.859000000000000000e+03 4.500000000000003997e-03
1.860000000000000000e+03 -5.549999999999999378e-02
1.861000000000000000e+03 -1.184999999999999942e-01
1.862000000000000000e+03 -2.315000000000000391e-01
1.863000000000000000e+03 1.449999999999995737e-02
1.864000000000000000e+03 -1.995000000000000107e-01
1.865000000000000000e+03 2.049999999999996270e-02
1.866000000000000000e+03 4.549999999999998490e-02
1.867000000000000000e+03 -2.350000000000002087e-02
1.868000000000000000e+03 5.949999999999996958e-02
1.869000000000000000e+03 2.849999999999996980e-02
1.870000000000000000e+03 1.549999999999995826e-02
1.871000000000000000e+03 -4.250000000000003775e-02
1.872000000000000000e+03 6.349999999999997313e-02
1.873000000000000000e+03 -1.250000000000001110e-02
1.874000000000000000e+03 -8.350000000000001865e-02
1.875000000000000000e+03 -1.065000000000000391e-01
1.876000000000000000e+03 -8.950000000000002398e-02
1.877000000000000000e+03 2.144999999999999685e-01
1.878000000000000000e+03 3.255000000000000115e-01
1.879000000000000000e+03 5.849999999999996869e-02
1.880000000000000000e+03 6.149999999999997136e-02
1.881000000000000000e+03 8.449999999999999178e-02
1.882000000000000000e+03 7.549999999999998379e-02
1.883000000000000000e+03 -4.500000000000003997e-03
1.884000000000000000e+03 -1.174999999999999933e-01
1.885000000000000000e+03 -1.005000000000000338e-01
1.886000000000000000e+03 -7.850000000000001421e-02
1.887000000000000000e+03 -1.285000000000000031e-01
1.888000000000000000e+03 -2.150000000000001910e-02
1.889000000000000000e+03 1.174999999999999933e-01
1.890000000000000000e+03 -1.285000000000000031e-01
1.891000000000000000e+03 -4.750000000000004219e-02
1.892000000000000000e+03 -1.665000000000000369e-01
1.893000000000000000e+03 -1.834999999999999964e-01
1.894000000000000000e+03 -1.155000000000000471e-01
1.895000000000000000e+03 -1.025000000000000355e-01
1.896000000000000000e+03 1.014999999999999791e-01
1.897000000000000000e+03 7.949999999999998734e-02
1.898000000000000000e+03 -1.255000000000000004e-01
1.899000000000000000e+03 -5.000000000000004441e-04
1.900000000000000000e+03 9.049999999999996936e-02
1.901000000000000000e+03 2.549999999999996714e-02
1.902000000000000000e+03 -1.164999999999999925e-01
1.903000000000000000e+03 -1.945000000000000062e-01
1.904000000000000000e+03 -2.355000000000000426e-01
1.905000000000000000e+03 -9.150000000000002576e-02
1.906000000000000000e+03 2.500000000000002220e-03
1.907000000000000000e+03 -1.794999999999999929e-01
1.908000000000000000e+03 -2.255000000000000338e-01
1.909000000000000000e+03 -2.395000000000000462e-01
1.910000000000000000e+03 -2.035000000000000142e-01
1.911000000000000000e+03 -2.565000000000000613e-01
1.912000000000000000e+03 -1.495000000000000218e-01
1.913000000000000000e+03 -1.375000000000000111e-01
1.914000000000000000e+03 4.249999999999998224e-02
1.915000000000000000e+03 1.394999999999999851e-01
1.916000000000000000e+03 -9.750000000000003109e-02
1.917000000000000000e+03 -1.765000000000000457e-01
1.918000000000000000e+03 -4.450000000000003952e-02
1.919000000000000000e+03 1.549999999999995826e-02
1.920000000000000000e+03 4.449999999999998401e-02
1.921000000000000000e+03 1.034999999999999809e-01
1.922000000000000000e+03 -1.150000000000001021e-02
1.923000000000000000e+03 1.849999999999996092e-02
1.924000000000000000e+03 -2.500000000000002220e-03
1.925000000000000000e+03 7.749999999999998557e-02
1.926000000000000000e+03 1.844999999999999973e-01
1.927000000000000000e+03 8.049999999999998823e-02
1.928000000000000000e+03 8.249999999999999001e-02
1.929000000000000000e+03 -5.949999999999999734e-02
1.930000000000000000e+03 1.544999999999999707e-01
1.931000000000000000e+03 2.074999999999999623e-01
1.932000000000000000e+03 1.564999999999999725e-01
1.933000000000000000e+03 2.149999999999996358e-02
1.934000000000000000e+03 1.644999999999999796e-01
1.935000000000000000e+03 1.174999999999999933e-01
1.936000000000000000e+03 1.494999999999999940e-01
1.937000000000000000e+03 2.664999999999999591e-01
1.938000000000000000e+03 2.874999999999999778e-01
1.939000000000000000e+03 2.434999999999999942e-01
1.940000000000000000e+03 3.104999999999999982e-01
1.941000000000000000e+03 3.114999999999999991e-01
1.942000000000000000e+03 2.674999999999999600e-01
1.943000000000000000e+03 2.914999999999999813e-01
1.944000000000000000e+03 4.425000000000000044e-01
1.945000000000000000e+03 3.205000000000000071e-01
1.946000000000000000e+03 2.204999999999999738e-01
1.947000000000000000e+03 2.505000000000000004e-01
1.948000000000000000e+03 2.535000000000000031e-01
1.949000000000000000e+03 2.194999999999999729e-01
1.950000000000000000e+03 1.184999999999999942e-01
1.951000000000000000e+03 2.384999999999999898e-01
1.952000000000000000e+03 3.205000000000000071e-01
1.953000000000000000e+03 3.874999999999999556e-01
1.954000000000000000e+03 1.584999999999999742e-01
1.955000000000000000e+03 1.004999999999999782e-01
1.956000000000000000e+03 2.549999999999996714e-02
1.957000000000000000e+03 2.854999999999999760e-01
1.958000000000000000e+03 3.364999999999999658e-01
1.959000000000000000e+03 3.064999999999999947e-01
1.960000000000000000e+03 2.414999999999999925e-01
1.961000000000000000e+03 3.294999999999999596e-01
1.962000000000000000e+03 3.064999999999999947e-01
1.963000000000000000e+03 3.384999999999999676e-01
1.964000000000000000e+03 6.849999999999997757e-02
1.965000000000000000e+03 1.494999999999999940e-01
1.966000000000000000e+03 2.204999999999999738e-01
1.967000000000000000e+03 2.144999999999999685e-01
1.968000000000000000e+03 1.774999999999999911e-01
1.969000000000000000e+03 3.205000000000000071e-01
1.970000000000000000e+03 2.634999999999999565e-01
1.971000000000000000e+03 1.044999999999999818e-01
1.972000000000000000e+03 2.224999999999999756e-01
1.973000000000000000e+03 3.544999999999999818e-01
1.974000000000000000e+03 7.849999999999998646e-02
1.975000000000000000e+03 1.444999999999999896e-01
1.976000000000000000e+03 5.049999999999998934e-02
1.977000000000000000e+03 3.354999999999999649e-01
1.978000000000000000e+03 2.274999999999999800e-01
1.979000000000000000e+03 3.464999999999999747e-01
1.980000000000000000e+03 3.824999999999999512e-01
1.981000000000000000e+03 4.304999999999999938e-01
1.982000000000000000e+03 3.024999999999999911e-01
1.983000000000000000e+03 4.834999999999999853e-01
1.984000000000000000e+03 2.774999999999999689e-01
1.985000000000000000e+03 2.614999999999999547e-01
1.986000000000000000e+03 3.364999999999999658e-01
1.987000000000000000e+03 4.814999999999999836e-01
1.988000000000000000e+03 4.914999999999999925e-01
1.989000000000000000e+03 4.114999999999999769e-01
1.990000000000000000e+03 5.874999999999999112e-01
1.991000000000000000e+03 5.444999999999999840e-01
1.992000000000000000e+03 3.954999999999999627e-01
1.993000000000000000e+03 4.354999999999999982e-01
1.994000000000000000e+03 4.964999999999999414e-01
1.995000000000000000e+03 6.114999999999999325e-01
1.996000000000000000e+03 4.724999999999999756e-01
1.997000000000000000e+03 6.794999999999999929e-01
1.998000000000000000e+03 8.265000000000000124e-01
1.999000000000000000e+03 5.974999999999999201e-01
2.000000000000000000e+03 5.854999999999999094e-01
2.001000000000000000e+03 7.304999999999999272e-01
2.002000000000000000e+03 7.864999999999999769e-01
2.003000000000000000e+03 7.994999999999999885e-01
2.004000000000000000e+03 7.404999999999999361e-01
2.005000000000000000e+03 8.345000000000000195e-01
2.006000000000000000e+03 7.954999999999999849e-01
2.007000000000000000e+03 7.834999999999999742e-01
2.008000000000000000e+03 6.854999999999999982e-01
2.009000000000000000e+03 7.964999999999999858e-01
2.010000000000000000e+03 8.495000000000000329e-01
2.011000000000000000e+03 7.124999999999999112e-01
2.012000000000000000e+03 7.604999999999999538e-01
2.013000000000000000e+03 7.894999999999999796e-01
2.014000000000000000e+03 8.574999999999999289e-01
2.015000000000000000e+03 1.035499999999999865e+00
