1850 0.072904
1851 0.095079
1852 0.104588
1853 0.120448
1854 0.087167
1855 -0.023780
1856 -0.179077
1857 -0.228218
1858 -0.150551
1859 0.031693
1860 0.122026
1861 0.115694
1862 0.055465
1863 0.050711
1864 0.049133
1865 0.112518
1866 0.141044
1867 0.225044
1868 0.242464
1869 0.210781
1870 0.206027
1871 0.212359
1872 0.225044
1873 0.234553
1874 0.215536
1875 0.190166
1876 0.147377
1877 0.167992
1878 0.183833
1879 0.236131
1880 0.245640
1881 0.199675
1882 -0.167990
1883 -0.813005
1884 -1.053881
1885 -0.942952
1886 -0.366095
1887 -0.044376
1888 -0.009517
1889 -0.153727
1890 -0.258323
1891 -0.204446
1892 0.028518
1893 0.261482
1894 0.315377
1895 0.251973
1896 0.167992
1897 0.150553
1898 0.190166
1899 0.278921
1900 0.310623
1901 0.118851
1902 -0.318551
1903 -0.445322
1904 -0.307445
1905 0.118851
1906 0.291605
1907 0.326464
1908 0.343903
1909 0.381938
1910 0.337552
1911 0.182255
1912 0.052289
1913 0.083992
1914 0.221868
1915 0.381938
1916 0.432639
1917 0.478604
1918 0.465920
1919 0.467517
1920 0.413621
1921 0.427884
1922 0.412043
1923 0.434236
1924 0.448499
1925 0.470674
1926 0.475428
1927 0.464341
1928 0.407288
1929 0.442147
1930 0.438990
1931 0.437393
1932 0.394604
1933 0.412043
1934 0.450078
1935 0.530902
1936 0.573691
1937 0.610148
1938 0.610148
1939 0.580024
1940 0.594287
1941 0.562604
1942 0.545165
1943 0.556252
1944 0.591131
1945 0.630744
1946 0.652937
1947 0.687796
1948 0.668779
1949 0.613305
1950 0.597463
1951 0.573691
1952 0.597463
1953 0.610148
1954 0.679866
1955 0.736918
1956 0.762288
1957 0.754357
1958 0.706814
1959 0.724253
1960 0.702059
1961 0.602218
1962 0.228201
1963 -0.038044
1964 -0.115692
1965 0.110939
1966 0.412043
1967 0.548341
1968 0.553095
1969 0.587955
1970 0.670357
1971 0.836760
1972 0.893813
1973 0.892234
1974 0.811410
1975 0.835182
1976 0.879549
1977 1.030111
1978 1.123620
1979 1.202847
1980 1.207601
1981 0.939778
1982 0.706814
1983 0.635498
1984 0.857375
1985 1.194935
1986 1.375601
1987 1.467513
1988 1.516635
1989 1.486530
1990 1.098250
1991 0.659270
1992 0.572113
1993 0.857375
1994 1.393021
1995 1.681459
1996 1.801897
1997 1.849441
1998 1.900160
1999 1.985739
2000 2.049124
2001 2.091913
2002 2.084002
2003 2.084002
2004 2.114107
2005 2.110931
2006 2.152142
2007 2.118861
2008 2.142633
2009 2.182246
2010 2.239299
